9899.8238
9998.0202
10013.3635
9953.2180
9933.2107
9943.2959
9971.6799
9904.6922
9878.5704
9825.3825
9755.2381
9641.0794
9615.4716
9546.7834
9528.0599
9501.9023
9485.2400
9431.9935
9376.6973
9379.5908
9373.8557
9365.7133
9329.2208
9266.7947
9241.2099
9214.1959
9181.2355
9191.1568
9153.3432
9121.3340
9129.5499
9113.1113
9060.4271
9041.4609
9018.7107
9001.5971
8973.1057
8908.2087
8844.8453
8791.4184
8768.0701
8752.5301
8735.5055
8671.2811
8606.5945
8598.1244
8574.0267
8546.1113
8537.1665
8522.3275
8451.8608
8429.1043
8378.4972
8360.8174
8310.0422
8294.5356
8222.2354
8210.1341
8186.2764
8167.9707
8133.0136
8107.4504
8080.5664
8037.5982
7983.4779
7958.1734
7929.5818
7907.1240
7887.5036
7844.8213
7819.6781
7782.1778
7723.2285
7700.1964
7645.4354
7650.3649
7602.3783
7600.3748
7609.1115
7602.1026
7564.8710
7547.7275
7517.7828
7485.4954
7423.0334
7407.3755
7374.1521
7330.7762
7344.8306
7345.9115
7281.4910
7267.7935
7238.7223
7219.3062
7213.1950
7133.1434
7080.1026
7051.4022
7047.9653
7042.6639
6936.1073
6884.1791
6901.5638
6902.1496
6835.2511
6811.8413
6825.3065
6788.8947
6733.0392
6712.8666
6692.2979
6649.5956
6588.4744
6547.6092
6562.3643
6562.3992
6555.0139
6460.3878
6451.2853
6431.0878
6399.1637
6323.8599
6298.9079
6292.6950
6221.9999
6191.1062
6134.3942
6117.5959
6093.9517
6050.9409
6026.1888
6015.9575
5982.7271
5990.3475
5949.2341
5859.5722
5860.1400
5829.6145
5855.1998
5815.9321
5789.8105
5777.1188
5764.1172
5702.3374
5648.6524
5597.2063
5591.3491
5620.4418
5517.7318
5494.8727
5477.8973
5479.3827
5434.3649
5417.2353
5408.1696
5404.1531
5348.8627
5309.2696
5284.6930
5222.2939
5190.9739
5116.2869
5043.6544
5031.6004
5002.5704
4989.0354
4941.9542
4864.2286
4874.0434
4860.3398
4825.5876
4753.9536
4726.4272
4711.4664
4646.8246
4635.8349
4626.3172
4600.6049
4559.6582
4512.1280
4504.0230
4519.3030
4475.8631
4423.4884
4376.7698
4332.9348
4326.6749
4356.6664
4315.4135
4330.0853
4268.6604
4229.1612
4190.5622
4162.3354
4122.1119
4086.6260
4055.4964
4046.1473
4018.9969
3990.0265
3988.0335
3938.3203
3907.3362
3896.2474
3892.9614
3879.5308
3862.3744
3790.1785
3725.8232
3676.6425
3654.3745
3595.8765
3556.6266
3533.0921
3506.3879
3499.6623
3469.7704
3414.7105
3375.9036
3381.0914
3371.7739
3339.3587
3316.1987
3293.4409
3302.2228
3335.8009
3314.8958
3280.6566
3276.7045
3253.0509
3238.3793
3212.4925
3184.7505
3155.6158
3155.6225
3134.0661
3096.7213
3095.3470
3062.5542
3036.5611
3046.8866
3006.3199
2982.1398
2935.6173
2911.5494
2877.0811
2845.0860
2886.2803
2887.0929
2876.5842
2851.3760
2827.3472
2806.2973
2834.3660
2796.4347
2792.1668
2776.2332
2787.2665
2730.5243
2715.8875
2684.6464
2736.0582
2689.9212
2665.7930
2616.0831
2630.5130
2615.2700
2612.3266
2648.5340
2606.6943
2612.2403
2660.9200
2648.8115
2644.1898
2631.5914
2674.7339
2677.2164
2689.1945
2659.8956
2674.8222
2659.1576
2609.8783
2574.4462
2536.2660
2530.9605
2490.3064
2435.8861
2472.6822
2451.5345
2442.9681
2434.9126
2452.8333
2435.9425
2439.6012
2469.9614
2436.9862
2449.2789
2470.0179
2477.9586
2495.6750
2472.9060
2471.0948
2483.4086
2523.1445
2520.2918
2532.1521
2516.1368
2517.4811
2531.3458
2490.1766
2512.6649
2506.7052
2502.9990
2498.1445
2468.2839
2440.9992
2416.7362
2421.8427
2358.7873
2348.4344
2427.6255
2418.4878
2410.0272
2364.1707
2291.9144
2271.6882
2229.8896
2214.4516
2196.4161
2151.9332
2088.4581
2035.2945
2016.0684
1992.9448
1929.4947
1887.7833
1866.1170
1849.0314
1841.2576
1797.6968
1756.0976
1724.8115
1708.8259
1707.0992
1664.2829
1691.2881
1659.8448
1630.9990
1596.5477
1595.0908
1550.4269
1555.8705
1510.6414
1478.1352
1445.5073
1360.4430
1360.1491
1290.8361
1249.1097
1205.3736
1185.3858
1166.3858
1174.4178
1077.8641
1021.7223
998.8926
976.7241
926.9354
966.6208
915.6414
899.2352
878.0966
781.6910
742.4957
753.5168
759.7537
685.5134
665.4934
636.8722
600.2685
575.3048
512.3944
483.9869
465.5452
431.3167
445.0020
407.6268
368.3526
328.9847
304.1530
261.4196
244.2608
212.2632
139.3715
137.3543
135.4275
95.2079
44.4056
38.8469
6.1657
-36.9892
-71.0342
-116.1311
-152.0219
-192.2718
-224.6833
-254.1916
-302.8640
-301.3591
-332.0274
-361.3353
-338.0237
-385.9444
-396.5511
-432.3984
-479.0708
-505.9086
-524.7068
-571.5806
-583.7971
-612.6001
-666.9292
-698.1224
-708.9124
-733.5916
-757.5107
-786.9576
-802.5955
-816.1519
-834.0195
-871.5263
-903.4872
-940.8192
-982.6741
-1020.7311
-1054.0465
-1077.1692
-1099.6512
-1137.3522
-1118.2135
-1140.8521
-1193.1600
-1229.7965
-1240.7332
-1263.3263
-1281.3538
-1335.4021
-1363.6789
-1404.2911
-1446.0972
