1879.0414
2033.6375
2079.2344
1999.1521
2096.9297
2116.8491
2127.2391
2114.3928
2179.3438
2151.7381
2169.0027
2156.8017
2127.9660
2083.7418
2063.2462
2058.4729
2076.9888
2058.2974
2033.3711
2035.1724
2029.1330
2056.4067
2051.8698
2125.5979
2172.8575
2155.4194
2136.4508
2085.8418
2046.2659
2027.2983
2018.7074
1999.7560
2010.2866
1976.4846
2000.3209
1990.1339
1996.6498
2004.0576
1994.7458
2024.7197
1999.2066
2000.7081
2028.1821
2018.5463
2035.8674
2007.2185
2037.9177
1985.2073
1984.1877
1974.9709
2002.1521
1980.3311
1977.2457
1992.0778
2031.1283
2038.1010
2075.2500
2052.8085
1993.0323
2021.9069
2009.1594
1996.9575
2009.0001
2005.9308
1973.6145
1972.8599
1952.6978
1927.5492
1902.6448
1938.0476
1983.4681
1925.6825
1928.2122
1907.4200
1894.8648
1932.8125
1904.1959
1914.1036
1963.8616
1949.2066
1951.1203
1962.0088
1996.6400
1992.7411
2018.4247
2009.5238
2016.2445
2028.7259
2025.2973
1962.8549
2000.1776
2002.5172
1990.5333
2010.9130
1966.0974
1979.2300
1947.5276
1972.6806
2003.9470
1987.5621
1996.3661
1989.2363
2013.0775
1960.3695
2000.2977
1978.6689
1943.5826
1957.0345
1941.7961
1968.4670
1976.5342
1990.4024
2007.0447
2005.6294
1955.3908
1959.1549
1991.0959
1987.5191
1961.9826
1936.0793
1944.0516
1987.5797
1995.5140
2019.4567
2031.3395
2037.8877
1996.9834
1999.3194
1995.1876
2024.0258
2038.9425
2016.8967
1982.4510
1984.5196
1998.3897
2025.3234
2008.5088
1964.1062
2006.7038
2029.6577
2032.6897
1999.6965
1989.4512
1993.0963
1977.2001
1995.0748
1994.3341
1990.0314
1959.4351
2016.9124
1981.3000
1995.1063
1989.7185
1978.9232
1991.0564
2029.1315
2015.6920
2001.4129
1981.3439
1979.4684
1973.7533
1942.8694
1965.0521
1946.9814
1955.5978
2016.9170
2037.0772
2034.0673
2035.9348
1982.9279
1982.9056
1990.5208
2008.2930
1963.6357
2010.1411
2013.6641
1996.3070
2017.3209
2026.1886
2025.9449
2015.2056
2024.6930
2006.8500
1962.4462
1983.9989
1968.7652
1981.0324
1968.3549
1965.7277
1911.4163
1907.0360
1936.6399
1946.4891
1925.3694
1907.5008
1960.9914
1989.3838
2017.3919
2026.6810
1981.4687
1962.6775
2013.1735
1996.0578
1999.5798
2013.9305
2022.5830
2062.3872
2044.2189
2041.8067
2025.0140
2035.6434
2063.2921
2080.5965
2094.1423
2115.9267
2120.4842
2095.7161
2065.1588
2070.1205
2106.1092
2067.2102
2060.3176
2065.2549
2053.9896
2041.0689
2040.2327
2017.2346
1963.9674
1967.7735
2029.3373
2068.0599
2136.4156
2210.8709
2235.3875
2199.0856
2182.9271
2170.6587
2207.9598
2201.9544
2252.3737
2311.1094
2340.0827
2350.5983
2368.1365
2362.7775
2368.1346
2359.7543
2325.6461
2422.3264
2465.3091
2449.5959
2484.1062
2453.2247
2460.0361
2417.3445
2422.5008
2418.7057
2451.7477
2534.9932
2560.0471
2635.3164
2604.8741
2569.3332
2583.4271
2628.1711
2654.6559
2676.4755
2703.6257
2762.8892
2735.2526
2759.3822
2774.9149
2790.3863
2775.7757
2817.1331
2866.6115
2887.6622
2889.3550
2961.6032
2991.1950
3015.8155
3001.3773
3011.4925
3012.2230
3091.7550
3141.8526
3156.6755
3175.3490
3216.8056
3242.5020
3286.6438
3316.8198
3280.7168
3347.7025
3359.7581
3398.8509
3431.3638
3457.7792
3436.3663
3457.8420
3487.5216
3526.5136
3520.9699
3524.6970
3614.8242
3625.6849
3689.0901
3696.7140
3769.0049
3785.5001
3767.7921
3832.7897
3855.5241
3841.0265
3891.5391
3931.7230
3930.7774
3936.5889
3957.8022
3994.2791
3996.1384
4005.2646
4000.4538
4020.3222
4012.9169
3986.6334
3967.0618
3959.1007
4041.1824
4071.6079
4067.1596
4083.6994
4033.1275
4025.0144
4065.3331
4058.2086
4008.8884
4014.8325
4026.8612
4039.6099
4034.4559
4017.1226
4025.5789
4042.7303
4028.5317
4026.7690
4008.0216
4001.5198
3995.3130
4007.0663
4029.9094
4046.3327
4056.7003
4025.8183
4000.6105
4001.8292
4007.4646
3997.5323
3973.0515
3978.0146
4026.1086
4007.8895
3978.0436
3994.3845
3944.1551
4006.8877
4019.6197
4021.1138
4011.1497
4055.1948
4056.8568
4004.8694
3969.9502
3922.4990
3943.2526
3944.3161
3948.4305
3936.9929
3947.4358
4022.1020
4009.6692
4044.8842
4069.0354
4075.0734
4055.8801
4038.7133
4018.4457
3988.0917
3950.2995
3999.9306
3992.2236
4000.4814
4017.2437
4058.4856
4037.3315
4033.0647
4021.0762
4023.8786
4044.2461
4102.2427
4069.0609
4053.8095
4070.7124
4046.5752
4056.9968
4064.4218
4046.3919
3991.9246
3976.7354
3967.4746
3978.2545
3955.7366
4014.6697
4007.4584
3972.6689
4006.7692
4035.9358
4011.9583
3967.0396
3974.8584
3976.9766
4026.8856
4053.4161
4045.7001
4048.4808
4002.4622
3978.8146
4025.2580
3996.8265
4029.7064
4057.3010
4069.2950
4054.7822
4045.2077
4092.4632
4064.5931
4057.4863
4060.2382
4098.9084
4059.6540
4076.4161
4084.7245
4047.1848
4054.1618
4075.7976
4029.6761
4024.7859
4057.2505
4109.0832
4110.1788
