9899.8238
9998.0202
10013.3635
9999.9671
9957.9289
9953.0529
9971.1116
9896.6601
9865.1535
9807.9799
9734.9389
9619.1683
9592.2086
9523.7305
9504.4632
9478.9680
9462.9570
9411.9727
9359.0340
9362.9841
9359.0646
9351.5837
9316.7693
9252.6839
9228.4489
9203.3428
9172.1650
9184.3917
9148.1602
9117.2991
9126.8334
9111.3029
9058.6042
9040.5268
9017.9978
9001.3443
8973.0557
8908.1243
8844.8303
8791.3648
8768.2310
8752.8088
8735.8130
8671.6261
8606.9123
8598.5658
8574.4387
8546.5940
8537.6458
8522.7924
8452.3132
8429.5209
8378.8785
8361.1626
8310.3434
8294.8092
8222.4623
8210.3596
8186.4970
8168.1540
8133.1703
8107.5827
8080.6763
8037.6897
7983.5541
7958.2343
7929.6288
7907.1588
7887.5275
7844.8392
7819.6895
7782.1817
7723.2272
7700.1902
7645.4257
7650.3534
7602.3646
7600.3600
7609.0968
7602.0878
7564.8556
7547.7130
7517.7690
7485.4822
7423.0205
7407.3635
7374.1413
7330.7667
7344.8219
7345.9034
7281.4837
7267.7874
7238.7172
7219.3020
7213.1916
7133.1403
7080.1002
7051.4002
7047.9636
7042.6627
6936.1066
6884.1787
6901.5635
6902.1495
6835.2512
6811.8416
6825.3069
6788.8951
6733.0398
6712.8671
6692.2984
6649.5962
6588.4749
6547.6097
6562.3649
6562.3997
6555.0144
6460.3882
6451.2857
6431.0881
6399.1640
6323.8602
6298.9081
6292.6952
6222.0000
6191.1063
6134.3943
6117.5959
6093.9517
6050.9409
6026.1888
6015.9575
5982.7271
5990.3475
5949.2341
5859.5722
5860.1399
5829.6145
5855.1998
5815.9321
5789.8105
5777.1188
5764.1172
5702.3374
5648.6524
5597.2063
5591.3491
5620.4418
5517.7318
5494.8727
5477.8973
5479.3827
5434.3649
5417.2353
5408.1696
5404.1531
5348.8626
5309.2696
5284.6930
5222.2939
5190.9739
5116.2869
5043.6544
5031.6004
5002.5704
4989.0354
4941.9542
4864.2286
4874.0434
4860.3398
4825.5876
4753.9536
4726.4272
4711.4664
4646.8246
4635.8349
4626.3172
4600.6049
4559.6582
4512.1280
4504.0230
4519.3030
4475.8631
4423.4884
4376.7698
4332.9348
4326.6749
4356.6664
4315.4135
4330.0853
4268.6604
4229.1612
4190.5622
4162.3354
4122.1119
4086.6260
4055.4964
4046.1473
4018.9969
3990.0265
3988.0335
3938.3203
3907.3362
3896.2474
3892.9614
3879.5308
3862.3744
3790.1785
3725.8232
3676.6425
3654.3745
3595.8765
3556.6266
3533.0921
3506.3879
3499.6623
3469.7704
3414.7105
3375.9036
3381.0914
3371.7739
3339.3587
3316.1987
3293.4409
3302.2228
3335.8009
3314.8958
3280.6566
3276.7045
3253.0509
3238.3793
3212.4925
3184.7505
3155.6158
3155.6225
3134.0661
3096.7213
3095.3470
3062.5542
3036.5611
3046.8866
3006.3199
2982.1398
2935.6173
2911.5494
2877.0811
2845.0860
2886.2803
2887.0929
2876.5842
2851.3760
2827.3472
2806.2973
2834.3660
2796.4347
2792.1668
2776.2332
2787.2665
2730.5243
2715.8875
2684.6464
2736.0582
2689.9212
2665.7930
2616.0831
2630.5130
2615.2700
2612.3266
2648.5340
2606.6943
2612.2403
2660.9200
2648.8115
2644.1898
2631.5914
2674.7339
2677.2164
2689.1945
2659.8956
2674.8222
2659.1576
2609.8783
2574.4462
2536.2660
2530.9605
2490.3064
2435.8861
2472.6822
2451.5345
2442.9681
2434.9126
2452.8333
2435.9425
2439.6012
2469.9614
2436.9862
2449.2789
2470.0179
2477.9586
2495.6750
2472.9060
2471.0948
2483.4086
2523.1445
2520.2918
2532.1521
2516.1368
2517.4811
2531.3458
2490.1766
2512.6649
2506.7052
2502.9990
2498.1445
2468.2839
2440.9992
2416.7362
2421.8427
2358.7873
2348.4344
2427.6255
2418.4878
2410.0272
2364.1707
2291.9144
2271.6882
2229.8896
2214.4516
2196.4161
2151.9332
2088.4581
2035.2945
2016.0684
1992.9448
1929.4947
1887.7833
1866.1170
1849.0314
1841.2576
1797.6968
1756.0976
1724.8115
1708.8259
1707.0992
1664.2829
1691.2881
1659.8448
1630.9990
1596.5477
1595.0908
1550.4269
1555.8705
1510.6414
1478.1352
1445.5073
1360.4430
1360.1491
1290.8361
1249.1097
1205.3736
1185.3858
1166.3858
1174.4178
1077.8641
1021.7223
998.8926
976.7241
926.9354
966.6208
915.6414
899.2352
878.0966
781.6910
742.4957
753.5168
759.7537
685.5134
665.4934
636.8722
600.2685
575.3048
512.3944
483.9869
465.5452
431.3167
445.0020
407.6268
368.3526
328.9847
304.1530
261.4196
244.2608
212.2632
139.3715
137.3543
135.4275
95.2079
44.4056
38.8469
6.1657
-36.9892
-71.0342
-116.1311
-152.0219
-192.2718
-224.6833
-254.1916
-302.8640
-301.3591
-332.0274
-361.3353
-338.0237
-385.9444
-396.5511
-432.3984
-479.0708
-505.9086
-524.7068
-571.5806
-583.7971
-612.6001
-666.9292
-698.1224
-708.9124
-733.5916
-757.5107
-786.9576
-802.5955
-816.1519
-834.0195
-871.5263
-903.4872
-940.8192
-982.6741
-1020.7311
-1054.0465
-1077.1692
-1099.6512
-1137.3522
-1118.2135
-1140.8521
-1193.1600
-1229.7965
-1240.7332
-1263.3263
-1281.3538
-1335.4021
-1363.6789
-1404.2911
-1446.0972
